     Index       y_measurement           y_fitting        descriptor_1        descriptor_2        descriptor_3
         1    0.1549788000E+01    0.1524009826E+01    0.1198395841E-01   -0.4270757600E-02    0.1071012343E-02
         2    0.1466182000E+01    0.1524009826E+01    0.1198395841E-01   -0.4270757600E-02    0.1071012343E-02
         3    0.1446165000E+01    0.1524009826E+01    0.1198395841E-01   -0.4270757600E-02    0.1071012343E-02
         4    0.1391950000E+01    0.1524009826E+01    0.1198395841E-01   -0.4270757600E-02    0.1071012343E-02
         5    0.1329782000E+01    0.1524009826E+01    0.1198395841E-01   -0.4270757600E-02    0.1071012343E-02
         6    0.1288727000E+01    0.1524009826E+01    0.1198395841E-01   -0.4270757600E-02    0.1071012343E-02
         7    0.1107135000E+01    0.1001766705E+01    0.8128904484E-02   -0.2177411216E-02    0.5380658525E-03
         8    0.9955770000E+00    0.1001766705E+01    0.8128904484E-02   -0.2177411216E-02    0.5380658525E-03
         9    0.9304320000E+00    0.1001766705E+01    0.8128904484E-02   -0.2177411216E-02    0.5380658525E-03
        10    0.8601540000E+00    0.1001766705E+01    0.8128904484E-02   -0.2177411216E-02    0.5380658525E-03
        11    0.8132900000E+00    0.1001766705E+01    0.8128904484E-02   -0.2177411216E-02    0.5380658525E-03
        12    0.7910940000E+00    0.1001766705E+01    0.8128904484E-02   -0.2177411216E-02    0.5380658525E-03
        13    0.9845240000E+00    0.9133355527E+00    0.1456691074E-01   -0.5533227801E-02    0.1381806988E-02
        14    0.9309440000E+00    0.9133355527E+00    0.1456691074E-01   -0.5533227801E-02    0.1381806988E-02
        15    0.9614230000E+00    0.9133355527E+00    0.1456691074E-01   -0.5533227801E-02    0.1381806988E-02
        16    0.9769790000E+00    0.9133355527E+00    0.1456691074E-01   -0.5533227801E-02    0.1381806988E-02
        17    0.9888410000E+00    0.9133355527E+00    0.1456691074E-01   -0.5533227801E-02    0.1381806988E-02
        18    0.1004257000E+01    0.9133355527E+00    0.1456691074E-01   -0.5533227801E-02    0.1381806988E-02
        19    0.1389416000E+01    0.1182009071E+01    0.1210842182E-01   -0.2870750558E-02    0.7061260668E-03
        20    0.1283943000E+01    0.1182009071E+01    0.1210842182E-01   -0.2870750558E-02    0.7061260668E-03
        21    0.1247310000E+01    0.1182009071E+01    0.1210842182E-01   -0.2870750558E-02    0.7061260668E-03
        22    0.1157371000E+01    0.1182009071E+01    0.1210842182E-01   -0.2870750558E-02    0.7061260668E-03
        23    0.1044772000E+01    0.1182009071E+01    0.1210842182E-01   -0.2870750558E-02    0.7061260668E-03
        24    0.9840370000E+00    0.1182009071E+01    0.1210842182E-01   -0.2870750558E-02    0.7061260668E-03
        25    0.1174140000E+01    0.1152459509E+01    0.1515509174E-01   -0.2658789943E-02    0.6415565781E-03
        26    0.1109564000E+01    0.1152459509E+01    0.1515509174E-01   -0.2658789943E-02    0.6415565781E-03
        27    0.1084330000E+01    0.1152459509E+01    0.1515509174E-01   -0.2658789943E-02    0.6415565781E-03
        28    0.9980950000E+00    0.1152459509E+01    0.1515509174E-01   -0.2658789943E-02    0.6415565781E-03
        29    0.9019030000E+00    0.1152459509E+01    0.1515509174E-01   -0.2658789943E-02    0.6415565781E-03
        30    0.8229210000E+00    0.1152459509E+01    0.1515509174E-01   -0.2658789943E-02    0.6415565781E-03
        31    0.1397878000E+01    0.1241988482E+01    0.1162283474E-01   -0.1205893888E-02    0.2791551194E-03
        32    0.1317045000E+01    0.1241988482E+01    0.1162283474E-01   -0.1205893888E-02    0.2791551194E-03
        33    0.1280669000E+01    0.1241988482E+01    0.1162283474E-01   -0.1205893888E-02    0.2791551194E-03
        34    0.1229649000E+01    0.1241988482E+01    0.1162283474E-01   -0.1205893888E-02    0.2791551194E-03
        35    0.1156202000E+01    0.1241988482E+01    0.1162283474E-01   -0.1205893888E-02    0.2791551194E-03
        36    0.1126851000E+01    0.1241988482E+01    0.1162283474E-01   -0.1205893888E-02    0.2791551194E-03
        37    0.1582071000E+01    0.1278574585E+01    0.1230960924E-01   -0.3406134758E-02    0.8445161280E-03
        38    0.1528743000E+01    0.1278574585E+01    0.1230960924E-01   -0.3406134758E-02    0.8445161280E-03
        39    0.1510316000E+01    0.1278574585E+01    0.1230960924E-01   -0.3406134758E-02    0.8445161280E-03
        40    0.1432144000E+01    0.1278574585E+01    0.1230960924E-01   -0.3406134758E-02    0.8445161280E-03
        41    0.1347616000E+01    0.1278574585E+01    0.1230960924E-01   -0.3406134758E-02    0.8445161280E-03
        42    0.1300053000E+01    0.1278574585E+01    0.1230960924E-01   -0.3406134758E-02    0.8445161280E-03
        43    0.1158222000E+01    0.1028325120E+01    0.1458045113E-01   -0.4606695814E-02    0.1144155826E-02
        44    0.9512950000E+00    0.1028325120E+01    0.1458045113E-01   -0.4606695814E-02    0.1144155826E-02
        45    0.8651260000E+00    0.1028325120E+01    0.1458045113E-01   -0.4606695814E-02    0.1144155826E-02
        46    0.8220380000E+00    0.1028325120E+01    0.1458045113E-01   -0.4606695814E-02    0.1144155826E-02
        47    0.8067400000E+00    0.1028325120E+01    0.1458045113E-01   -0.4606695814E-02    0.1144155826E-02
        48    0.8028890000E+00    0.1028325120E+01    0.1458045113E-01   -0.4606695814E-02    0.1144155826E-02
        49    0.1332916000E+01    0.1175327816E+01    0.1302157681E-01   -0.3101621199E-02    0.7626818126E-03
        50    0.1295283000E+01    0.1175327816E+01    0.1302157681E-01   -0.3101621199E-02    0.7626818126E-03
        51    0.1341082000E+01    0.1175327816E+01    0.1302157681E-01   -0.3101621199E-02    0.7626818126E-03
        52    0.1391757000E+01    0.1175327816E+01    0.1302157681E-01   -0.3101621199E-02    0.7626818126E-03
        53    0.1453543000E+01    0.1175327816E+01    0.1302157681E-01   -0.3101621199E-02    0.7626818126E-03
        54    0.1541606000E+01    0.1175327816E+01    0.1302157681E-01   -0.3101621199E-02    0.7626818126E-03
